Image rankings:  {
'image-cc-1-7.png': 4.1033064268589073e-08,
'image-cc-1-8.png': 0.05281793915315576,
'image-cc-21-8.png': 0.0739460839699044}
